name=Basic
vertShaderGuid=9d5e16b7f2113a92
fragShaderGuid=1a419198c3718385
albedo=1.000000,1.000000,1.000000,1.000000
roughness=1
metallic=1
emissive=0.000000,0.000000,0.000000
albedoTexGuid=8ae32beeb7d8d57d
normalTexGuid=0
roughnessTexGuid=0
emissiveTexGuid=0
