name=BKGND
vertShaderGuid=0
fragShaderGuid=0
albedo=1.000000,1.000000,1.000000,1.000000
roughness=0.5
metallic=0
emissive=0.000000,0.000000,0.000000
albedoTexGuid=2a279c93a8a85c51
normalTexGuid=0
roughnessTexGuid=0
emissiveTexGuid=0
