name=M_BlackDragonBody
vertShaderGuid=0
fragShaderGuid=0
albedo=1.000000,1.000000,1.000000,1.000000
roughness=0.5
metallic=0
emissive=0.000000,0.000000,0.000000
albedoTexGuid=7ed15506a02fbc6f
normalTexGuid=0
roughnessTexGuid=0
emissiveTexGuid=0
