version=1
name=Game_1

[entity]
id=1
tag.name=Entity
transform.pos=0.000000 0.000000 0.000000
transform.rot=-65.500000 0.000000 0.000000
transform.scale=1.000000 1.000000 1.000000
light.type=0
light.color=1.000000 1.000000 1.000000
light.intensity=1
light.range=10
light.innerCone=15
light.outerCone=30
light.castShadow=0
light.shadowDist=100
light.vol.enabled=0
light.vol.steps=64
light.vol.density=0.008
light.vol.absorption=0
light.vol.g=0.3
light.vol.intensity=0.5
light.vol.maxDist=40
light.vol.jitter=1
light.vol.tint=1.000000 0.950000 0.850000
light.shafts.enabled=1
light.shafts.density=1
light.shafts.bloom=1
light.shafts.decay=0.97
light.shafts.weight=2
light.shafts.exposure=0.85
light.shafts.sunRadius=0.012
light.shafts.tint=1.000000 0.950000 0.850000
[/entity]

[entity]
id=2
tag.name=Entity
transform.pos=0.000000 0.000000 0.000000
transform.rot=0.000000 0.000000 0.000000
transform.scale=5.000000 0.011000 5.000000
mesh.guid=264d75c6f89d75ce
mesh.path=meshes/cube.fbx
mesh.matGuid=0
mesh.matName=default
mesh.castShadow=1
mesh.visible=1
[/entity]

[entity]
id=3
tag.name=Entity
transform.pos=0.000000 1.508472 0.000000
transform.rot=-0.000000 0.000000 0.000000
transform.scale=0.010000 0.010000 0.010000
mesh.guid=264d75c6f89d75ce
mesh.path=meshes/cube.fbx
mesh.matGuid=0
mesh.matName=default
mesh.castShadow=1
mesh.visible=1
[/entity]

