version=1
name=Untitled_4

[entity]
id=1
tag.name=Entity
transform.pos=0.000000 0.000000 0.000000
transform.rot=0.000000 0.000000 0.000000
transform.scale=1.000000 1.000000 1.000000
collider.shape=0
collider.boxHalfExtents=25.000000 0.500000 25.000000
collider.radius=0.5
collider.capsuleHalfH=0.5
collider.center=0.000000 0.000000 0.000000
collider.staticFric=0.5
collider.dynFric=0.5
collider.restitution=0.3
collider.isTrigger=0
[/entity]

[entity]
id=2
tag.name=Entity
transform.pos=0.000000 4.050000 0.000000
transform.rot=0.000000 0.000000 0.000000
transform.scale=1.000000 1.000000 1.000000
cc.radius=0.3
cc.height=1.8
cc.stepOffset=0.3
cc.slopeLimit=45
cc.skinWidth=0.08
cc.center=0.000000 0.000000 0.000000
[/entity]

