version=1
name=Untitled_6

[entity]
id=1
tag.name=Entity
transform.pos=-0.015447 0.000000 0.000000
transform.rot=-0.000000 0.000000 0.000000
transform.scale=5.000000 1.000000 5.000000
collider.shape=1
collider.boxHalfExtents=0.500000 0.500000 0.500000
collider.radius=0.5
collider.capsuleHalfH=0.5
collider.center=0.000000 0.000000 0.000000
collider.staticFric=0.3
collider.dynFric=0.3
collider.restitution=0.3
collider.isTrigger=0
[/entity]

[entity]
id=2
tag.name=Entity
transform.pos=0.178416 7.195008 -0.001745
transform.rot=0.948083 -1.646669 28.801102
transform.scale=0.999997 0.999997 0.999997
collider.shape=0
collider.boxHalfExtents=0.500000 0.500000 0.500000
collider.radius=0.5
collider.capsuleHalfH=0.5
collider.center=0.000000 0.000000 0.000000
collider.staticFric=0.3
collider.dynFric=0.3
collider.restitution=0.3
collider.isTrigger=0
rb.mass=1
rb.isKinematic=0
rb.useGravity=1
rb.linearDrag=0.01
rb.angularDrag=0.05
[/entity]

