version=1
name=Untitled_2

[entity]
id=1
tag.name=Entity
transform.pos=0.000000 0.000000 0.000000
transform.rot=-414.500000 0.000000 0.000000
transform.scale=25.000000 1.000000 25.000000
light.type=0
light.color=1.000000 1.000000 1.000000
light.intensity=1
light.range=10
light.innerCone=15
light.outerCone=30
light.castShadow=1
light.vol.enabled=1
light.vol.steps=64
light.vol.density=0.008
light.vol.absorption=0
light.vol.g=0.3
light.vol.intensity=0.5
light.vol.maxDist=40
light.vol.jitter=1
light.vol.tint=1.000000 0.950000 0.850000
light.shafts.enabled=1
light.shafts.density=1
light.shafts.bloom=1
light.shafts.decay=0.97
light.shafts.weight=2
light.shafts.exposure=1
light.shafts.sunRadius=0.012
light.shafts.tint=1.000000 0.950000 0.850000
[/entity]

[entity]
id=2
tag.name=Entity
transform.pos=0.000000 0.000000 0.000000
transform.rot=0.000000 0.000000 0.000000
transform.scale=25.000000 1.000000 25.000000
mesh.guid=264d75c6f89d75ce
mesh.path=meshes/cube.fbx
mesh.matGuid=0
mesh.matName=default
mesh.castShadow=1
mesh.visible=1
[/entity]

[entity]
id=3
tag.name=Entity
transform.pos=5.798338 1.641666 -1.621923
transform.rot=-0.243819 -6.341962 -88.989037
transform.scale=0.999928 0.999946 0.999930
light.type=2
light.color=1.000000 1.000000 1.000000
light.intensity=1.05
light.range=10
light.innerCone=15
light.outerCone=30
light.castShadow=1
light.vol.enabled=1
light.vol.steps=64
light.vol.density=0.008
light.vol.absorption=0
light.vol.g=0.3
light.vol.intensity=0.5
light.vol.maxDist=40
light.vol.jitter=1
light.vol.tint=1.000000 0.950000 0.850000
light.shafts.enabled=0
light.shafts.density=1
light.shafts.bloom=1
light.shafts.decay=0.97
light.shafts.weight=2
light.shafts.exposure=0.85
light.shafts.sunRadius=0.012
light.shafts.tint=1.000000 0.950000 0.850000
[/entity]

[entity]
id=4
tag.name=Entity
transform.pos=0.000000 0.000000 0.000000
transform.rot=0.000000 0.000000 0.000000
transform.scale=25.000000 1.000000 25.000000
[/entity]

[entity]
id=5
tag.name=Entity
transform.pos=0.000000 0.789341 0.000000
transform.rot=-0.000000 0.000000 0.000000
transform.scale=1.000000 1.000000 1.000000
mesh.guid=9fac0588536563a6
mesh.path=meshes/sphere.fbx
mesh.matGuid=0
mesh.matName=default
mesh.castShadow=1
mesh.visible=1
[/entity]

