version=1
name=Untitled

[entity]
id=1
tag.name=Entity
transform.pos=0.000000 0.000000 0.000000
transform.rot=0.000000 -85.500000 0.000000
transform.scale=1000.000000 1000.000000 1000.000000
mesh.guid=0
mesh.path=assets/Capoeira.fbx
mesh.matGuid=0
mesh.matName=default
mesh.castShadow=1
mesh.visible=1
[/entity]

