version=1
name=Untitled_2

[entity]
id=1
tag.name=Entity
transform.pos=0.000000 29.200001 0.000000
transform.rot=0.000000 0.000000 0.000000
transform.scale=0.100000 0.100000 0.100000
mesh.guid=0
mesh.path=assets/Capoeira.fbx
mesh.matGuid=0
mesh.matName=default
mesh.castShadow=1
mesh.visible=1
[/entity]

[entity]
id=2
tag.name=Entity
transform.pos=0.000000 0.000000 0.000000
transform.rot=0.000000 0.000000 0.000000
transform.scale=1.000000 1.000000 1.000000
mesh.guid=0
mesh.path=assets/Capoeira.fbx
mesh.matGuid=0
mesh.matName=default
mesh.castShadow=1
mesh.visible=1
[/entity]

