version=1
name=Untitled

[entity]
id=1
tag.name=Entity
transform.pos=0.000000 0.000000 0.000000
transform.rot=0.000000 -85.500000 0.000000
transform.scale=1.000000 1.000000 1.000000
mesh.guid=6ebe45ed939eef55
mesh.path=assets/capoeira.fbx
mesh.matGuid=72994528e0cacfe0
mesh.matName=Basic
mesh.castShadow=1
mesh.visible=1
[/entity]

[entity]
id=2
tag.name=Entity
transform.pos=-12.500000 11.300000 0.000000
transform.rot=0.000000 0.000000 0.000000
transform.scale=1.000000 1.000000 1.000000
light.type=1
light.color=1.000000 1.000000 1.000000
light.intensity=100
light.range=415
light.innerCone=15
light.outerCone=30
light.castShadow=1
light.vol.enabled=0
light.vol.steps=64
light.vol.density=0.008
light.vol.absorption=0
light.vol.g=0.3
light.vol.intensity=0.5
light.vol.maxDist=40
light.vol.jitter=1
light.vol.tint=1.000000 0.950000 0.850000
light.shafts.enabled=0
light.shafts.density=1
light.shafts.bloom=1
light.shafts.decay=0.97
light.shafts.weight=2
light.shafts.exposure=0.85
light.shafts.sunRadius=0.012
light.shafts.tint=1.000000 0.950000 0.850000
[/entity]

